DR=	[
	#	iot			e1			e2			e3			e4			e5			e6			e7			e8			c9			c10			c11			#
	[	math.inf,	0,			0,			0,			0,			0,			0,			0,			0,			0,			0,			0, 			], # iot
	[	0,			math.inf,	100,		0,			0,			0,			0,			0,			0,			150,		0,			0,			], # e1
	[	0,			0,			math.inf,	100,		0,			0,			0,			0,			0,			150,		0,			0, 			], # e2
	[	0,			0,			0,			math.inf,	80,			0,			0,			0,			0,			150,		0,			0, 			], # e3
	[	0,			0,			0,			0,			math.inf,	0,			0,			0,			0,			0,			180,		0, 			], # e4
	[	0,			0,			0,			0,			0,			math.inf,	70,			0,			0,			0,			180,		0, 			], # e5
	[	0,			0,			0,			0,			0,			0,			math.inf,	100,		0,			0,			0,			150,		], # e6
	[	0,			0,			0,			0,			0,			0,			0,			math.inf,	100,		0,			0,			150,		], # e7
	[	0,			0,			0,			0,			0,			0,			0,			0,			math.inf,	0,			0,			150,		], # e8
	[	0,			0,			0,			0,			0,			0,			0,			0,			0,			math.inf,	250,		0, 			], # c9
	[	0,			0,			0,			0,			0,			0,			0,			0,			0,			0,			math.inf,	250,		], # c10
	[	0,			0,			0,			0,			0,			0,			0,			0,			0,			0,			0,			math.inf,	], # c11
	]
DE = [	math.inf, 	0.002, 		0.002, 		0.002,		0.002,		0.002,		0.002,		0.002,		0.002,		0.002,		0.002,		0.002		]
VE = [	math.inf,	0.02,		0.02,		0.02,		0.02,		0.02,		0.02,		0.02,		0.02,		0.01,		0.01,		0.01		]
VR = [	math.inf,	2.50,		2.50,		2.00,		2.30,		2.30,		2.10,		2.20,		2.30,		3.00,		3.00,		3.00		]
